 0 1 10.83
 0 10 10.97
 1 0 10.75
 1 2 10.43
 1 11 10.32
 2 1 10.32
 2 3 10.38
 2 12 10.8
 3 2 10.16
 3 4 10.54
 3 13 10.03
 4 3 10.23
 4 5 10.82
 4 14 10.38
 5 4 10.84
 5 6 10.43
 5 15 10.6
 6 5 10.58
 6 7 10.02
 6 16 10.95
 7 6 10.23
 7 8 10.89
 7 17 10.13
 8 7 10.76
 8 9 10.19
 8 18 10.76
 9 8 10.31
 9 19 10.61
 10 11 10.82
 10 0 10.97
 10 20 10.18
 11 10 10.39
 11 12 10.86
 11 1 10.34
 11 21 10.71
 12 11 10.41
 12 13 10.06
 12 2 10.97
 12 22 10.57
 13 12 10.98
 13 14 10.05
 13 3 10.64
 13 23 10.08
 14 13 10.57
 14 15 10.34
 14 4 10.09
 14 24 10.84
 15 14 10.47
 15 16 10.48
 15 5 10.81
 15 25 10.54
 16 15 10.91
 16 17 10.46
 16 6 10.79
 16 26 10.48
 17 16 10.84
 17 18 10.98
 17 7 10.71
 17 27 10.21
 18 17 10.16
 18 19 10.67
 18 8 10.41
 18 28 10.68
 19 18 10.04
 19 9 10.48
 19 29 10.65
 20 21 11.0
 20 10 10.89
 20 30 10.19
 21 20 10.26
 21 22 10.25
 21 11 10.8
 21 31 10.21
 22 21 10.48
 22 23 10.2
 22 12 10.23
 22 32 10.13
 23 22 10.08
 23 24 10.54
 23 13 10.83
 23 33 10.9
 24 23 10.63
 24 25 10.47
 24 14 10.37
 24 34 10.26
 25 24 10.85
 25 26 10.27
 25 15 10.63
 25 35 10.29
 26 25 10.44
 26 27 10.51
 26 16 10.58
 26 36 10.77
 27 26 10.88
 27 28 10.67
 27 17 10.83
 27 37 10.27
 28 27 10.36
 28 29 10.11
 28 18 10.61
 28 38 10.35
 29 28 10.96
 29 19 10.96
 29 39 10.4
 30 31 10.43
 30 20 10.69
 30 40 10.0
 31 30 10.82
 31 32 10.93
 31 21 10.82
 31 41 10.68
 32 31 10.63
 32 33 10.1
 32 22 10.91
 32 42 10.77
 33 32 10.26
 33 34 10.06
 33 23 10.47
 33 43 10.16
 34 33 10.87
 34 35 10.12
 34 24 10.49
 34 44 10.91
 35 34 10.02
 35 36 10.97
 35 25 10.63
 35 45 10.5
 36 35 10.06
 36 37 10.58
 36 26 10.46
 36 46 10.21
 37 36 10.56
 37 38 10.89
 37 27 10.15
 37 47 10.73
 38 37 10.56
 38 39 10.88
 38 28 10.2
 38 48 10.6
 39 38 10.68
 39 29 10.56
 39 49 10.17
 40 41 10.85
 40 30 10.11
 40 50 10.25
 41 40 10.71
 41 42 10.75
 41 31 10.23
 41 51 10.46
 42 41 10.74
 42 43 10.08
 42 32 10.04
 42 52 10.54
 43 42 10.49
 43 44 10.62
 43 33 10.85
 43 53 10.23
 44 43 10.76
 44 45 10.39
 44 34 10.77
 44 54 10.05
 45 44 10.64
 45 46 10.0
 45 35 10.8
 45 55 10.75
 46 45 10.55
 46 47 10.73
 46 36 10.64
 46 56 10.76
 47 46 10.77
 47 48 10.54
 47 37 10.81
 47 57 10.33
 48 47 10.24
 48 49 10.06
 48 38 10.52
 48 58 10.07
 49 48 10.1
 49 39 10.09
 49 59 10.58
 50 51 10.69
 50 40 10.65
 50 60 10.97
 51 50 10.95
 51 52 10.26
 51 41 10.88
 51 61 10.04
 52 51 11.0
 52 53 10.37
 52 42 10.16
 52 62 10.1
 53 52 10.08
 53 54 10.1
 53 43 10.1
 53 63 10.46
 54 53 10.57
 54 55 10.94
 54 44 10.43
 54 64 10.08
 55 54 10.32
 55 56 10.23
 55 45 10.02
 55 65 10.47
 56 55 10.51
 56 57 10.07
 56 46 10.85
 56 66 10.69
 57 56 10.91
 57 58 10.5
 57 47 10.98
 57 67 10.05
 58 57 10.64
 58 59 10.29
 58 48 10.83
 58 68 10.73
 59 58 10.39
 59 49 10.35
 59 69 10.36
 60 61 10.63
 60 50 10.98
 60 70 10.54
 61 60 10.36
 61 62 10.27
 61 51 10.94
 61 71 10.62
 62 61 10.42
 62 63 10.49
 62 52 10.8
 62 72 10.02
 63 62 10.36
 63 64 10.85
 63 53 10.02
 63 73 10.8
 64 63 10.91
 64 65 10.06
 64 54 10.61
 64 74 10.68
 65 64 10.06
 65 66 10.74
 65 55 10.22
 65 75 10.34
 66 65 10.6
 66 67 10.97
 66 56 10.49
 66 76 10.57
 67 66 10.12
 67 68 10.11
 67 57 10.68
 67 77 10.04
 68 67 10.18
 68 69 10.83
 68 58 10.3
 68 78 10.25
 69 68 10.27
 69 59 10.31
 69 79 10.5
 70 71 10.33
 70 60 10.04
 70 80 10.74
 71 70 10.83
 71 72 10.32
 71 61 10.88
 71 81 10.66
 72 71 10.52
 72 73 10.42
 72 62 10.9
 72 82 10.83
 73 72 10.14
 73 74 10.4
 73 63 10.02
 73 83 10.62
 74 73 10.05
 74 75 10.72
 74 64 10.95
 74 84 10.31
 75 74 10.41
 75 76 10.64
 75 65 10.28
 75 85 10.91
 76 75 10.12
 76 77 10.62
 76 66 10.25
 76 86 10.43
 77 76 10.06
 77 78 10.08
 77 67 10.77
 77 87 10.35
 78 77 10.13
 78 79 10.03
 78 68 10.17
 78 88 10.08
 79 78 10.39
 79 69 10.1
 79 89 10.5
 80 81 10.36
 80 70 10.43
 80 90 10.09
 81 80 10.32
 81 82 10.69
 81 71 10.04
 81 91 10.3
 82 81 10.64
 82 83 10.62
 82 72 10.51
 82 92 10.75
 83 82 10.21
 83 84 10.89
 83 73 10.94
 83 93 10.98
 84 83 10.62
 84 85 10.99
 84 74 10.98
 84 94 10.3
 85 84 10.32
 85 86 10.97
 85 75 10.66
 85 95 10.9
 86 85 10.93
 86 87 10.63
 86 76 10.63
 86 96 10.89
 87 86 10.16
 87 88 10.84
 87 77 10.46
 87 97 10.57
 88 87 10.59
 88 89 10.41
 88 78 10.41
 88 98 10.62
 89 88 10.76
 89 79 10.35
 89 99 10.23
 90 91 10.81
 90 80 10.01
 91 90 10.57
 91 92 10.71
 91 81 10.81
 92 91 10.21
 92 93 10.07
 92 82 10.08
 93 92 10.68
 93 94 10.75
 93 83 10.43
 94 93 10.29
 94 95 10.26
 94 84 10.14
 95 94 10.74
 95 96 10.71
 95 85 10.27
 96 95 10.79
 96 97 10.1
 96 86 10.47
 97 96 10.76
 97 98 10.1
 97 87 10.65
 98 97 10.1
 98 99 10.78
 98 88 10.54
 99 98 10.62
 99 89 10.29

13 37
16 36
51 57
62 75
